INDEX NOMINVM ΕΤ RERVM 663

. Regium 91, 24
J 111111118,16.66,26.687,19
² 6611166166 ι111 fetiale 111
1111111 688, 7
‚ Restio 11. 11111111
’ 3111111664 .
Rhenus 1111111 261, 26
Rhodanus 623, 20
,1Μω.11111
; Rhodus 399, 20
,111ἑκᾷ11341111 6111161311111
¹ 31111131111111111111 1111128,
1116111111 ,1111111111 111111-
1111 691, 6
6011116111. 3,.26 10,17.
1μ111,’111
11 24. 20,19. 27,12. 46, 10.
mmmzmmm,
10. 164, 24. 174, 2. 217,311
1111111111.
319,12. amo. 334, 31124.
111111161
16. 4462. 446, 16. 461, 21.
469,.7 616 2,,111111111 1161
saepissime memoratur no·
11111 mm apposito
Romani 13, 6. 16, 18. 16, 26.
26, 26. 27, 21, 46, 26. 47,9.
1ω11111,’1
1111111,
11. 120, 26. 122, 3. 137,16.
148,16. 168, 6. 178, 8. 218,
11ωω1111.
1ω111111.
232, 9. 296, 21. 297, 6. 332,
11111136
26. 344,12. 346, 28. 349, 29
11111111.
17, adi. 1111112669, 11111
mmmmmmm
11111 206, 23. 466, 11, 111-
mus 303,16,1111186,6,
111111111722,11111167,
11161 92,1. 97,10. 229, 24.
431, 18. 462 ,7,1111111373. 162,

24,1111111266,22,1111611226,
26, concordia 188, 28, 111-
31311111,1131131;
8, eques 271, 26. 281, 20.
324,2. 869, 6 379, 26. 386,
13. 417, 211 27. 46,0 11,
1,1111’111, 11 111,11;
exemp 11124,9. 130, 26. 158,
mffl3ummm,m}
1111111111 3412. 47,.7 67,.6
120,16. 346,13. 423,12,
11111111 68, 22· fides 3039·
forum 2644 316,17,111-
3111111179211116817
216,19,11111111 2169,
1111111111 117, 6. 260, 6.
304,7; imperium 28,1. 36, 6.
82, 8. 93, 6. 119, 3. 136611
11Μω1111
220, 20. 221, 31. 227, 13. 234,
14. 236,.6 262,4. 274, 22.
291, 30. 346, 6. 410. 2. 466,
21. 463, 22. 471, 16, iussu
4339,11111111’,’.116722,8
14. 1163611311 76 6111ἕί1
349 23 ”311 11111332 27 11

1111111212,26,111111·111263,9,
11111111418,10,1111111161
226 27 manus 6024 miles
83,16.126,;1 1111111130, 18,
11111117,10.73,11,111111
2120 226,6, oculi 123,,24
1111111338, 1111111413
,1161111 3361111111 2791,3,
populue8,4. 16,2. 21, 26.
26, 9. 27, 20. 4417. 61, 26.

.62, 10. 66, 13. 76, 24. 96, 20.

1’11Η1.1,111,
1ὣ111111
mmmmmmmm
11,1’1,111
11111111
111111111
1111111,
1111111
1111111,
1111111

 

